.Random.seed <-
c(403L, 10L, -1171080073L, -622148243L, -191440380L, -1194493654L, 
-148287851L, 1132832047L, 1808490550L, 260658272L, -1633920349L, 
-661951039L, -1561818704L, -540550962L, 23045689L, -48072629L, 
216033786L, -1966201604L, 163383615L, -282081771L, 539907372L, 
-2120968702L, -1244386083L, 1189337047L, 461382334L, -1931234056L, 
178014939L, 1335644473L, -479947640L, 1950798902L, 1050914929L, 
1439933091L, -1705035790L, -1413162172L, 1358951431L, 10359261L, 
-745648428L, -1281494534L, 1800805701L, 1076291999L, -162358490L, 
511624112L, -948023213L, -904656015L, -1835255136L, -1386820034L, 
-1025465015L, -1569760261L, -1740267574L, -1201376980L, 1734929711L, 
308941797L, 2128579228L, -1957851406L, 739704685L, 1231378599L, 
1842133710L, -866080728L, 773633067L, 625751625L, 1306771288L, 
724924934L, 1727996897L, -623853197L, 1504408034L, -1999125164L, 
-681051049L, 218169421L, -1240300572L, 1287479754L, 666413109L, 
-1264064881L, -1931733098L, -1520207040L, -836159997L, -1251914719L, 
-1563631856L, 325645550L, -112419687L, 205289771L, -602492902L, 
-1322439972L, -1761428769L, 2121843893L, 1165406796L, -441942366L, 
633062909L, -1592611081L, -358496226L, -2028655912L, 127295035L, 
1779026905L, 311023976L, -654872426L, 2063748625L, -734828605L, 
-1195631662L, -1137744284L, -1656179289L, 378268413L, -385585420L, 
1373899226L, -573846235L, 632331327L, -1857238074L, 1716856912L, 
-1647360909L, 1403594897L, -409634624L, 1765175966L, -1853411735L, 
523501211L, -236285014L, -1862240308L, -1279964529L, 1100505797L, 
-1387279748L, 1040500434L, -1658129843L, -1416388857L, -1492106514L, 
-1150928952L, -376555317L, -1144288983L, 228487544L, 1633744550L, 
-559611711L, -300725933L, -155208190L, 1220120372L, 2102910135L, 
664464557L, 1868208580L, -1152304662L, -2119973291L, -569370641L, 
-76011530L, -17342176L, 351702755L, -243452031L, 1398698480L, 
689041550L, -18057223L, -1096479349L, -411698758L, 2086877372L, 
-510043137L, -255375019L, 941986412L, 2054305474L, -327532259L, 
-1533626473L, -145673474L, -1538094920L, -545779045L, -139943687L, 
808141384L, -920203914L, 999816369L, 1634955491L, -693121102L, 
1692094468L, 203916103L, 917559837L, 1656008852L, -2028601286L, 
2045321861L, -301210785L, 1319558118L, 321672816L, -607856237L, 
-2090787279L, -1584294688L, 248284542L, -1256679415L, 1507432507L, 
785147402L, 1473746412L, -666854801L, -1750788699L, -41269924L, 
-661563086L, 1327360045L, -976541977L, -1464677362L, -1981327896L, 
551067627L, -1001463671L, -1951828968L, -793853114L, -1892761183L, 
-1363210189L, -955523678L, -1889064812L, -117252329L, -1371367155L, 
-609718236L, -456159222L, 1314518389L, -261753649L, -595232810L, 
-929450112L, 1930881987L, 593083745L, 946594768L, 303764270L, 
1825271513L, 1699241195L, -2144559782L, 1444409116L, 1198213663L, 
-1880122763L, -1590077684L, -945861918L, 806629309L, 108386359L, 
1240748766L, -734867944L, 1308053883L, -1337792231L, 141669800L, 
-1202661034L, 1623116241L, 1674299779L, -2119182318L, 89955236L, 
-277345433L, -1731415875L, -1088444364L, 273184088L, -433612422L, 
396919728L, -1443653188L, 259426388L, 1503791042L, -449621984L, 
761497788L, 1202905680L, -847240222L, 13131880L, -618924980L, 
-415028996L, -1252660238L, -1206753024L, -166178444L, -1047938040L, 
-1335242822L, -1704705584L, -2092815380L, 1196798356L, 1193505234L, 
-1758420640L, -17113268L, -2028758752L, 1007415170L, 964828904L, 
1304858860L, -205835204L, 1307290482L, 73924208L, -627264476L, 
-1188148424L, 857640090L, 1774678736L, -283279172L, -1145049452L, 
1560151682L, 1671616704L, 613479228L, 667491472L, -256713182L, 
1314226184L, -1631437556L, 171596956L, -1639195118L, 146292608L, 
-2083574252L, -1524020696L, 905741626L, -674752048L, -904072084L, 
-1727432396L, 2072290962L, -1009628320L, -201981108L, -894740512L, 
1506682786L, -199800920L, 720031116L, -336172868L, -1072805518L, 
-642239248L, -193265596L, 1862586712L, 352351802L, 1841093488L, 
1291991100L, -1988976876L, -83184190L, 2072460000L, -792516740L, 
1702194896L, -256657246L, 1864309800L, 535749900L, 140699580L, 
660334898L, 289843648L, -977860044L, 436874184L, 1508014266L, 
-755345008L, -1774718484L, -51789228L, -92356462L, 377356064L, 
-1695684148L, -1146169888L, 531314370L, -1124375512L, -168103252L, 
-408763204L, -1726842382L, 831127856L, -415263580L, 1072047800L, 
1091571034L, 1246635408L, 1539543932L, 2079602964L, 385897282L, 
702085888L, 985167804L, 321339216L, 1190298402L, 323902792L, 
1869478412L, 222451804L, 1090473170L, 1721981440L, -1508979372L, 
979425768L, 1577458682L, 1661546704L, 333987116L, 1336799988L, 
-1778882158L, 278393952L, -380795636L, 122720992L, -1962079902L, 
-1219147096L, 2111132236L, 1544765820L, -1248295630L, 1526960240L, 
1045002052L, -799289896L, 570498170L, -274469328L, -273413444L, 
181407572L, -704678846L, 2015301024L, -835298628L, -610166320L, 
-1619931806L, -833376280L, 80783308L, 728235772L, -1770331662L, 
951502976L, 873862388L, 1573779080L, -2060810438L, -260713648L, 
538441324L, 2072039572L, -2139479726L, 95960800L, -213257524L, 
1725714592L, -1844429950L, -1726532888L, -1046293780L, -2053280708L, 
1507451506L, 322880624L, 342066724L, -1473502152L, 771573786L, 
-466400560L, -802020292L, -517294956L, -914428798L, -1916368960L, 
1949022524L, 1426133648L, -1177289694L, 1079256072L, 732952716L, 
1343425564L, 1173661330L, -321514368L, 871292948L, 1672553768L, 
-512643526L, 352494800L, -509311892L, -1079291212L, -667850734L, 
936564704L, -1806479412L, -1319047712L, -167006686L, 126380328L, 
-292933364L, 767548L, -1279893262L, 839482096L, -776756412L, 
1729620568L, -1715580358L, 1951876848L, -1193280324L, -1405940204L, 
-1490542398L, 1957277792L, -1556820612L, -1372054320L, 792779810L, 
-1159390552L, 2012671884L, -2016781892L, 1879634994L, 790042432L, 
768637108L, -2025061560L, -613360966L, 1653706512L, -417982228L, 
-265030572L, 953468690L, -1539099744L, -657236020L, -2111673504L, 
-1434816318L, -1450748376L, -652950100L, -867459268L, 1694478194L, 
226935600L, 1223459364L, 1992249400L, -1204212518L, 470901136L, 
1419671614L, 1951645963L, 1680683917L, 214241466L, 803952376L, 
-1043546975L, -62969773L, -572099724L, 968765698L, 1054536087L, 
1970162529L, 1398517670L, -775374428L, 2032238677L, -1618266881L, 
847632792L, -49962314L, 1373846339L, -74889595L, 1640606498L, 
114970640L, -1375433799L, -1871782805L, 402448220L, -325187958L, 
-1808981377L, 37055433L, -1020110754L, -871609588L, -2106240291L, 
98827239L, 1930174480L, -242266834L, -1237270053L, 1945097917L, 
1363608618L, -1501891384L, -1233227279L, 1576730467L, -207206556L, 
1973755538L, 388225895L, 716981553L, 1956994678L, 2076917652L, 
1679350693L, 1723280559L, 1677533544L, -364705466L, -335109901L, 
-1088283051L, 1046118962L, -677220352L, -1792142103L, -900680869L, 
373847468L, -1509544518L, -1866654865L, -1324753671L, -246152818L, 
-962538404L, 736782029L, -213110217L, 1039874240L, 1536788382L, 
-1172026261L, 50228205L, -1074336166L, -1199722216L, 512261761L, 
89084979L, 1799348820L, 952297058L, 1327532279L, 2139646785L, 
-148528698L, 151513860L, -233054539L, 487246239L, 1188251128L, 
726002646L, -917072285L, -1470216667L, 1703007682L, -1040790864L, 
759677657L, 1074787403L, 1287113404L, -1310623510L, -1140681441L, 
-821117527L, 496630590L, -480569812L, 2119443581L, 622567111L, 
59017136L, 336648654L, -417254661L, 1452405085L, -753667446L, 
630988968L, -227556335L, 1794225411L, -1933813756L, 1673287730L, 
-404098937L, 1064639697L, -654047658L, 588305972L, -834097851L, 
708714383L, 1661045512L, 705187110L, -1894435373L, 657358645L, 
-393341294L, 75108960L, 506102729L, 1499480827L, 914042060L, 
124822874L, 1717479503L, -1449368295L, -354037970L, 1998553404L, 
1940457133L, 1084965207L, -1363890016L, -142488066L, -1061969717L, 
-55574835L, 406833658L, 359387704L, 502075361L, 1650051219L, 
819751604L, -362674238L, 1623655383L, -13464543L, -2135176218L, 
323098340L, 1145979413L, 670763583L, -1409744424L, 757938166L, 
326000643L, -2012591291L, -1444569246L, 339820752L, 2078632953L, 
